Overall: 0.804705176331
J_seen: 0.793693641804
J_unseen: 0.754997722912
F_seen: 0.838205691144
F_unseen: 0.831923649463
