Overall: 0.777771791253
J_seen: 0.773509997837
J_unseen: 0.726903460053
F_seen: 0.811675334523
F_unseen: 0.798998372599
